0.172,-3.06137252613364E-4
0.17290088376476143,-7.18567023174517E-4
0.17380157536803048,-9.695402221710627E-4
0.1747030835710605,-0.0011555007896903965
0.1756038099972417,-0.0013076895322380556
0.17650390358778087,-0.0014259841977686516
0.17740522357782004,-0.0015105343810383185
0.17830695243902908,-0.0015633228731767289
0.17920710632387715,-0.0015870998471400352
0.18010763507905314,-0.001584644277329682
0.18100932029694325,-0.0015588888931124274
0.181910232830394,-0.0015130244156917917
0.18281029066765941,-0.0014501845625434135
0.18371152672583482,-0.0013732651202066127
0.18461324142847466,-0.0012851329576735822
0.1855133836999938,-0.0011886613263296908
0.18641389222214597,-0.001086401041598835
0.18731562153551243,-9.806898784413282E-4
0.18821659740554955,-8.737510674922796E-4
0.18911660805469704,-7.676049176138923E-4
0.1900178062247314,-6.639829352684703E-4
0.19091955652719286,-5.644385600524885E-4
0.19181970131748477,-4.703481001194496E-4
0.1927201688664414,-3.827922756624311E-4
0.1936219141175475,-3.0272779659653725E-4
0.19452294342871304,-2.3094927939521805E-4
0.19542291259958094,-1.6796461160758228E-4
0.19632408242048136,-1.1412168367837939E-4
0.19722587706644568,-6.9744612237913E-5
0.1981260292563743,-3.497242679138479E-5
0.19902644985066448,-9.60597276035057E-6
0.19992820333595618,6.487821475617504E-6
0.20082928640433753,1.343753026979521E-5
0.20172921611450462,1.166949563028137E-5
0.2026303573581993,1.7961256303132417E-6
0.20353219670555872,-1.5766497864955738E-5
0.2044323603440464,-4.057097940173071E-5
0.2053327318999153,-7.179040473947716E-5
0.20623449044993017,-1.0865526856130557E-4
0.2071356296162822,-1.5062995674194852E-4
0.20803552117265586,-1.97008203877135E-4
0.20893663138501578,-2.468215675744945E-4
0.20983851423140412,-2.993081302542462E-4
0.21073869329396933,-3.539064237039237E-4
0.21163901457378048,-4.09762398358262E-4
0.21254077577665467,-4.659803559029664E-4
0.21344197341815227,-5.219261813111196E-4
0.2143418281458485,-5.770223060138485E-4
0.21524290476878283,-6.304739082199093E-4
0.21614482948941216,-6.815763151167638E-4
0.21704502796647926,-7.298747798719769E-4
0.21794529795614123,-7.748293341028358E-4
0.2188470592015277,-8.158721440185426E-4
0.2197483175894772,-8.525615801100919E-4
0.22064813705553762,-8.845849251815306E-4
0.22154917754368111,-9.115923757468772E-4
0.22245114247305556,-9.333106119375595E-4
0.22335136445831405,-9.49566042202488E-4
0.22425158207976553,-9.601852552101689E-4
0.22515334085500976,-9.651272182059027E-4
0.22605466194021262,-9.644306626348056E-4
0.22695444787595095,-9.581021252627951E-4
0.22785544974832134,-9.462060487388965E-4
0.22875745312993429,-9.290254491921652E-4
0.22965770275171485,-9.068638518853438E-4
0.2305578671964197,-8.798477554546989E-4
0.23145962069720935,-8.483518741684285E-4
0.2323610062615485,-8.129469816455599E-4
0.23326076062166273,-7.740591342006828E-4
0.23416172151994435,-7.319818553157573E-4
0.23506376152711794,-6.873680590322351E-4
0.23596404281886468,-6.409791589474171E-4
0.2368641533056716,-5.93242609765767E-4
0.23776589887350677,-5.446507121831404E-4
0.23866735036847112,-4.960487785626473E-4
0.23956707541516906,-4.481945848262805E-4
0.2404679929306312,-4.01508248380409E-4
0.24137006753951817,-3.5660783367769615E-4
0.242270384648261,-3.1438729462431985E-4
0.24317044057419376,-2.754204875367228E-4
0.24407217529075406,-2.4010846430457498E-4
0.24497369406807878,-2.090686828488074E-4
0.24587339223101953,-1.8300431132253043E-4
0.24677426408271666,-1.6224838288632682E-4
0.24767637108868945,-1.470755384329552E-4
0.24857672814601395,-1.3793435312458796E-4
0.24947672901510423,-1.351210962717498E-4
0.2503784501271321,-1.387016441252356E-4
0.2512800371778108,-1.486906724610059E-4
0.2521797111034719,-1.6513850945006368E-4
0.2530805350761586,-1.87890256750143E-4
0.25398267234106986,-2.166745782880473E-4
0.25488307326768417,-2.511366325371048E-4
0.2557830188057183,-2.9078528130034104E-4
0.25668472334044784,-3.350910447665395E-4
0.2575863794751408,-3.834329548009615E-4
0.2584860321090339,-4.3501044836600594E-4
0.25938680598131497,-4.889207098585037E-4
0.2602889710884804,-5.443910193539945E-4
0.2611894199584502,-6.005623054521688E-4
0.2620893100249575,-6.562818477430009E-4
0.2629909951414948,-7.105728820372052E-4
0.2638927207507191,-7.626641372126333E-4
0.2647923552552643,-8.116389177163154E-4
0.26569307692910304,-8.563671229797199E-4
0.266595267430765,-8.961586840486561E-4
0.26749576812414844,-9.305457045154063E-4
0.2683956026543862,-9.587842029957818E-4
0.26929726548081107,-9.80206666056555E-4
0.2701990607717462,-9.946869656822174E-4
0.2710986805996061,-0.0010022076215330587
0.2719993480261357,-0.0010024607415797216
0.27290156130892124,-9.954449420670236E-4
0.273802117686184,-9.816740380277724E-4
0.27470189691729696,-9.615210575233163E-4
0.2756035344469349,-9.352317588503705E-4
0.2765053993015574,-9.034025766633039E-4
0.27740500808163654,-8.66967460763155E-4
0.2783056193651754,-8.265720596320682E-4
0.2792078527099499,-7.828619325528495E-4
0.28010846857231947,-7.367792550554307E-4
0.28100819282377976,-6.893045290168729E-4
0.2819098021130859,-6.412104232329118E-4
0.2828117360898384,-5.932573920714376E-4
0.28371133780017965,-5.463576369016428E-4
0.28461189103060325,-5.012974875350633E-4
0.2855141417643755,-4.5876548225732595E-4
0.28641482065552576,-4.1937791702781205E-4
0.2873144904609076,-3.8368016474745885E-4
0.2882160685692253,-3.5219941322871853E-4
0.2891180708745249,-3.2536908529501286E-4
0.2900176697243323,-3.0343640861891195E-4
0.290918163157345,-2.865078393478289E-4
0.2918204283761506,-2.7483175262932286E-4
0.2927211738495089,-2.685256206725142E-4
0.2936207898727728,-2.6733266374847964E-4
0.29452233393969585,-2.710686162141272E-4
0.29542440339088955,-2.79730718598753E-4
0.2963240038738556,-2.930866883738076E-4
0.29722443582120045,-3.104803478900153E-4
0.2981267125526983,-3.315914933999611E-4
0.2990275280175929,-3.5625301198821755E-4
0.2999270911966383,-3.838694726880442E-4
0.3008285983016278,-4.136540242252488E-4
0.3017307333466661,-4.4527442007278705E-4
0.30263034024833296,-4.784406683110219E-4
0.3035307091261579,-5.123435637730798E-4
0.3044329944298592,-5.462732383073382E-4
0.3053338830569543,-5.799981587483697E-4
0.30623339448361997,-6.13094274486968E-4
0.3071348617494761,-6.448011633776482E-4
0.3080370604390609,-6.746035050349769E-4
0.30893667880690917,-7.023890493622198E-4
0.30983698320175085,-7.277030360538091E-4
0.3107392740160083,-7.500019706961653E-4
0.3116402388177358,-7.690394254837296E-4
0.31253969982222646,-7.847523425931243E-4
0.3134411243199727,-7.96857980784584E-4
0.31434338469567136,-8.050859123501907E-4
0.3152430195837258,-8.094270401552378E-4
0.31614325810638405,-8.09895264923251E-4
0.3170455512396265,-8.064863425266396E-4
0.3179465951629881,-7.992116658211486E-4
0.318846007225782,-7.88169698068926E-4
0.31974738609911985,-7.735860705171195E-4
0.3206497058553519,-7.557260770394988E-4
0.32154936253762517,-7.34792190388123E-4
0.3224495339790689,-7.109551126513011E-4
0.32335182635229437,-6.84701633047269E-4
0.32425295194111853,-6.565139263230949E-4
0.3251523167846716,-6.265974223248745E-4
0.32605364725524205,-5.952800850641488E-4
0.32695602403552826,-5.632464556981552E-4
0.3278557076369816,-5.310528942836386E-4
0.32875581091918404,-4.988166658036396E-4
0.3296580991837833,-4.6703792597152646E-4
0.33055930899378805,-4.3649971451520283E-4
0.33145862852901065,-4.075964518234881E-4
0.33235990791014824,-3.804084671554084E-4
0.3332623391425387,-3.555179719647808E-4
0.33416205484455946,-3.3363517672131633E-4
0.3350620890396364,-3.148629575636707E-4
0.33596436993194306,-2.992559723035807E-4
0.33686566614900887,-2.8737069694732104E-4
0.33776494259553796,-2.7959926909889524E-4
0.3386661680305389,-2.758010760685076E-4
0.33956865111619766,-2.7593963315920513E-4
0.3404684041453139,-2.804004964994935E-4
0.3413683683960394,-2.891471946618917E-4
0.342270638617445,-3.018519983333548E-4
0.3431720232266782,-3.1834303940598326E-4
0.34407125893509916,-3.38651700411321E-4
0.34497242788591276,-3.624299380450452E-4
0.34587495997376266,-3.891815771209718E-4
0.3467747554864999,-4.185629913212766E-4
0.3476746491226891,-4.502319209355565E-4
0.34857690523422574,-4.8369931136847596E-4
0.349478380038189,-5.183683568690324E-4
0.35037757766141836,-5.536698809076452E-4
0.35127868744089125,-5.891180915471646E-4
0.3521812656074205,-6.242200195437196E-4
0.35308110879297594,-6.583568879851446E-4
0.35398093133078146,-6.908220417257577E-4
0.35488317002200637,-7.21256458835934E-4
0.35578473638489516,-7.493105444004264E-4
0.35668389881416573,-7.743574535264575E-4
0.35758494690965636,-7.958382400118442E-4
0.35848756815809396,-8.13687488142096E-4
0.3593874640411157,-8.277851257704809E-4
0.36028721502933053,-8.375618839599639E-4
0.3611894329195199,-8.428551076676361E-4
0.36209109205528484,-8.439765098677059E-4
0.3629902223934013,-8.409645799297647E-4
0.36389120634166916,-8.334898926778557E-4
0.3647938675713128,-8.218449324937115E-4
0.3656938211304927,-8.066702103828159E-4
0.36659350046753153,-7.880668240182645E-4
0.3674956939669757,-7.660517924233508E-4
0.3683974468308565,-7.413018655659111E-4
0.3692965484550695,-7.145528466332825E-4
0.3701974658476124,-6.859819093971019E-4
0.37110016393656226,-6.558750796073623E-4
0.372000180003711,-6.25112380956223E-4
0.3728997876055234,-5.942900063166325E-4
0.3738019534476694,-5.636602094104167E-4
0.37470380047447294,-5.336281075453695E-4
0.37560287702558837,-5.04976578730969E-4
0.37650372556370276,-4.7811802996691294E-4
0.37740645698763675,-4.5327620818482183E-4
0.378306540569382,-4.308058360278167E-4
0.3792060765815898,-4.11163927826077E-4
0.38010821118780114,-3.946183605075847E-4
0.38101015276516476,-3.812643597761254E-4
0.3819092081495438,-3.711920953053476E-4
0.38280998557433354,-3.6456384090226203E-4
0.3837127470882387,-3.6149789580888227E-4
0.38461290274151655,-3.6189510706992957E-4
0.3855123674453006,-3.654669288378282E-4
0.38641446748229236,-3.7223728432378726E-4
0.3873165034375914,-3.8218594025259144E-4
0.3882155417958804,-3.949178580223976E-4
0.3891162459504241,-4.0991210070083007E-4
0.3900190339942943,-4.271544229569375E-4
0.3909192664243798,-4.4651540821371834E-4
0.3918186603923391,-4.672674929373074E-4
0.3927207224238413,-4.889099342036261E-4
0.39362285221870685,-5.114640810122753E-4
0.39452187802843264,-5.346441407232564E-4
0.3954225069344163,-5.575748552399366E-4
0.39632531799149884,-5.799262347299797E-4
0.3972256315076093,-6.018054767771122E-4
0.3981249554053243,-6.227315957561512E-4
0.3990269759677743,-6.419459089690813E-4
0.39992919884934486,-6.593642981228686E-4
0.40082821685114267,-6.751152616801331E-4
0.40172876858625417,-6.88668835170505E-4
0.40263159889838823,-6.99516264888523E-4
0.40353199787533434,-7.07841820131184E-4
0.40443125258885493,-7.137018476571787E-4
0.4053332282362831,-7.167339280056617E-4
0.40623554306972753,-7.167150757255534E-4
0.40713455822028066,-7.139886801968352E-4
0.40803503095729027,-7.086177565860296E-4
0.40893787681065547,-7.004854513587777E-4
0.40983836540631424,-6.896363516130921E-4
0.4107375520377811,-6.764165817185058E-4
0.411639479456604,-6.610571239012376E-4
0.4125418845404309,-6.43661601382932E-4
0.4134409021891686,-6.243973458047181E-4
0.4143412941606961,-6.03629282775494E-4
0.4152441518603731,-5.817876485110343E-4
0.4161447339655369,-5.591263714114198E-4
0.417043853827601,-5.357409852209736E-4
0.4179457295816165,-5.121334640887572E-4
0.4188482229549973,-4.888638748313655E-4
0.41974724869891683,-4.6615143306704136E-4
0.42064755843704615,-4.4400605114447547E-4
0.42155042400166676,-4.230691429206536E-4
0.42245110341349545,-4.039299005602458E-4
0.42335015801305326,-3.8654174091432253E-4
0.4242519788756058,-3.709444997344459E-4
0.4251545580317493,-3.5782813006190594E-4
0.42605359777868707,-3.4761180378835483E-4
0.42695382372189383,-3.399493250387059E-4
0.4278566933994848,-3.3493298303422685E-4
0.4287574735978368,-3.332010830513546E-4
0.4296564646680647,-3.3477021822968657E-4
0.4305582273441496,-3.3913206636678687E-4
0.4314608894048458,-3.463823216572671E-4
0.43235994937742483,-3.569441251387754E-4
0.433260090283383,-3.7042734569403286E-4
0.4341629599785488,-3.862512357875516E-4
0.43506384435541273,-4.0448634082680717E-4
0.43596277387908505,-4.251601508963486E-4
0.43686447512123533,-4.4767820698225866E-4
0.43776721674510854,-4.7142855459981494E-4
0.4386663034659103,-4.964025579620173E-4
0.43956635814190953,-5.223235787433375E-4
0.44046922398868826,-5.485969433648438E-4
0.4413702155270956,-5.7466487223496E-4
0.44226908566919165,-6.003258793613062E-4
0.4431707223570786,-6.252356641553085E-4
0.4440735399867953,-6.488667255127534E-4
0.4449726600291729,-6.707309784405495E-4
0.4458726274750831,-6.90627564622921E-4
0.44677548535380546,-7.084873858143237E-4
0.44767658692027457,-7.240249653685354E-4
0.4485754001282978,-7.366980577400733E-4
0.4494769691006855,-7.463187900923411E-4
0.4503798590700705,-7.529971501763218E-4
0.45127901901851164,-7.568047255995104E-4
0.45217889826858165,-7.573961682553929E-4
0.4530817443445266,-7.548135269524389E-4
0.45398295837143804,-7.493494451617467E-4
0.45488171731233473,-7.411478334684528E-4
0.455783215512913,-7.301363202200897E-4
0.45668617405459094,-7.166350373347328E-4
0.4575853803677247,-7.010856192257654E-4
0.4584851707890732,-6.835954463636468E-4
0.45938800084187936,-6.643802411106904E-4
0.4602893296489042,-6.439734612636586E-4
0.4611880372572283,-6.227366361664735E-4
0.46208946163871395,-6.008274814392531E-4
0.46299248483625133,-5.786589754117675E-4
0.463891744043066,-5.567953517692525E-4
0.46479144504477643,-5.353963416950695E-4
0.4656942549818803,-5.147079758668076E-4
0.46659570058234046,-4.95226414649893E-4
0.4674943600303286,-4.772660338695947E-4
0.4683957077981135,-4.608803398263984E-4
0.46929879153162235,-4.463364058875638E-4
0.47019810997044675,-4.340467316448003E-4
0.47109772116126303,-4.2396232111197225E-4
0.4720005069379778,-4.1612102835153773E-4
0.47290207090952757,-4.107480490472994E-4
0.473800685618028,-4.0794303900707705E-4
0.47470195386580577,-4.074470339340164E-4
0.47560509416519847,-4.0928709221926986E-4
0.4765044780801628,-4.1355781023454384E-4
0.47740399921033394,-4.1999102320755386E-4
0.47830675667195993,-4.28295276351728E-4
0.47920844044052535,-4.384952727572813E-4
0.48010701411273243,-4.5040214538620175E-4
0.481008200146272,-4.635932243254534E-4
0.48191139272559147,-4.7782465866558606E-4
0.4828108482940554,-4.930889269568992E-4
0.48371027938051236,-5.089056461863988E-4
0.48461300449664674,-5.249251802080045E-4
0.48551480890707643,-5.410057568586472E-4
0.48641334552107635,-5.569806758798901E-4
0.4873144467019609,-5.723165596666597E-4
0.4882176872727344,-5.868320464535153E-4
0.4891172205256152,-6.004778122803536E-4
0.49001656164956753,-6.129020384149966E-4
0.49091925025976335,-6.23756624621356E-4
0.4918211760858872,-6.330640895334311E-4
0.4927196798827245,-6.40731118118149E-4
0.4936206937072688,-6.464223044347335E-4
0.494523977955005,-6.500552458197584E-4
0.4954235946773203,-6.518123634364838E-4
0.496322846232298,-6.514892521291866E-4
0.497225494282332,-6.489695732226991E-4
0.4981275416800922,-6.444379693570898E-4
0.499026017207751,-6.380545490111563E-4
0.4999269411496277,-6.296600866933504E-4
0.5008302645168894,-6.193961535697999E-4
0.5017299706491029,-6.07635740499651E-4
0.5026291331571604,-5.943908278350317E-4
0.5035317366430415,-5.797200044133294E-4
0.5044339054501208,-5.6398123210518E-4
0.5053323574880423,-5.475195881619459E-4
0.506233189316324,-5.303084437026206E-4
0.5071365472944516,-5.12637010084593E-4
0.5080363483311515,-4.949730236084849E-4
0.5089354225283624,-4.7746646319337104E-4
0.5098379773986522,-4.6020765549752585E-4
0.5107402671206727,-4.436506780386082E-4
0.5116387007805339,-4.281403775736722E-4
0.5125394382175322,-4.1371153582800565E-4
0.513442826276188,-4.00578817516622E-4
0.5143427276002136,-3.8924090125509275E-4
0.515241714439961,-3.7973255327745123E-4
0.5161442166651807,-3.7212151669425487E-4
0.5170466263582577,-3.6667694347271155E-4
0.5179450470595383,-3.636985751430709E-4
0.5188456879923137,-3.629807076833769E-4
0.519749101618891,-3.646280217272048E-4
0.5206491083389506,-3.6885323830495773E-4
0.521548008987181,-3.755539195456705E-4
0.5224504545725787,-3.8445619423654957E-4
0.5233529828827939,-3.956416835093909E-4
0.5242513963168012,-4.0906134063698396E-4
0.525151938886083,-4.2430097338418116E-4
0.526055373168042,-4.41091333061577E-4
0.5269554903946039,-4.5944229743669746E-4
0.5278543062207867,-4.7891848637516486E-4
0.5287566912331816,-4.990598287602323E-4
0.5296593363356249,-5.196561627557556E-4
0.53055774856747,-5.405493586212031E-4
0.5314581908706928,-5.611203242417378E-4
0.5323616412161291,-5.810491477567824E-4
0.5332618736269292,-6.002492878832925E-4
0.5341606062621309,-6.183400527820487E-4
0.535062926808213,-6.34863549861061E-4
0.5359656864842818,-6.497312320476624E-4
0.5368641037790126,-6.6290779801506E-4
0.5377644441068837,-6.739632724410021E-4
0.5386679057323414,-6.827607639253759E-4
0.539568257880692,-6.894453950094558E-4
0.5404669091508632,-6.938919735717201E-4
0.5413691613662744,-6.958770958486005E-4
0.5422720328652677,-6.95580230171288E-4
0.5431704619325758,-6.932116088000534E-4
0.5440706987994355,-6.886213529916846E-4
0.5449741668231083,-6.818725696691019E-4
0.5458746429807653,-6.733864900711809E-4
0.5467732149372465,-6.632201964904002E-4
0.5476753951955703,-6.513995963150631E-4
0.548578375193833,-6.382258113919806E-4
0.549476823000458,-6.241543371597776E-4
0.5503769550136375,-6.091128430952546E-4
0.5512804245704306,-5.933591767991041E-4
0.5521810287592651,-5.77341386298354E-4
0.5530795237814058,-5.612938956670913E-4
0.5539816282339215,-5.452047904553111E-4
0.5548847131427076,-5.294913390886261E-4
0.5557831869580121,-5.145360692582684E-4
0.5566832129279521,-5.003402132660683E-4
0.5575866790912904,-4.870154883598284E-4
0.5584874150620663,-4.7503486788748876E-4
0.5593858356528199,-4.6445928006587226E-4
0.5602878607512576,-4.55245461294461E-4
0.561191046227327,-4.475794027409371E-4
0.5620895537505561,-4.4179109127963844E-4
0.5629894725067738,-4.3762868593121023E-4
0.563892930569793,-4.3509995717891175E-4
0.5647938016411194,-4.344100464694759E-4
0.5656921506561363,-4.3551582136447246E-4
0.5665940927796135,-4.3809830129228153E-4
0.5674973741767438,-4.422102135518387E-4
0.568395923338018,-4.4794107246811033E-4
0.5692957340778633,-4.5491317822654804E-4
0.5701991790870126,-4.629046885234175E-4
0.5711001883226462,-4.7200255561708284E-4
0.5719984688324051,-4.8199770782488043E-4
0.5729003244741334,-4.92462235923187E-4
0.5738036966675204,-5.033138116409451E-4
0.5747022956568542,-5.145744383003114E-4
0.5756019975867133,-5.257953134980688E-4
0.576505424662694,-5.366948086437676E-4
0.5774065748876016,-5.473431531557882E-4
0.5783047902525078,-5.575214816087344E-4
0.5792065560929605,-5.668347151100311E-4
0.5801100140309853,-5.751966105183316E-4
0.581008670646352,-5.827334458755129E-4
0.581908263239503,-5.89024067798268E-4
0.5828116673689386,-5.939211945428801E-4
0.5837129611437336,-5.975351791462505E-4
0.5846111149202033,-5.998457484248132E-4
0.5855127876374836,-6.005025069159134E-4
0.5864163260575402,-5.99629436838449E-4
0.5873150482353765,-5.974199489001072E-4
0.5882145311135553,-5.936953265569299E-4
0.5891179075501106,-5.883567449622546E-4
0.5900193467701289,-5.817622704563448E-4
0.5909174429231867,-5.739577875413533E-4
0.5918190192564171,-5.648349809571205E-4
0.592722632873372,-5.545516124514235E-4
0.5936214283448399,-5.435505650198002E-4
0.5945208013954106,-5.316821050057194E-4
0.5954241451417214,-5.190609239156519E-4
0.5963257316218258,-5.060476180875904E-4
0.5972237742889152,-4.929008488080115E-4
0.5981252511598227,-4.7948772051407013E-4
0.5990289345440089,-4.661268772059984E-4
0.5999278108852794,-4.5323170506546067E-4
0.6008270741083761,-4.4079063100046736E-4
0.6017303803200804,-4.288524207853421E-4
0.6026321153662768,-4.17870840169909E-4
0.603530109024356,-4.0804901433914224E-4
0.604431483473516,-3.993043597495041E-4
0.6053352311805975,-3.918665231838933E-4
0.6062341957607162,-3.8617440918741185E-4
0.6071333493730944,-3.8212787152663635E-4
0.6080366132250387,-3.797390101104242E-4
0.6089384977614493,-3.793479228091501E-4
0.6098364471672425,-3.8109473573557544E-4
0.6107377163346385,-3.847507553311449E-4
0.6116415228362077,-3.9038878734665015E-4
0.6125405828664505,-3.98268458723682E-4
0.6134396272943217,-4.080622569803309E-4
0.6143428440852123,-4.195413387782091E-4
0.6152448785443291,-4.3274186413672897E-4
0.6161427887297675,-4.4757018783139453E-4
0.6170439498939618,-4.634380423907024E-4
0.6179478095819811,-4.801331922721975E-4
0.6188469720861217,-4.975232625624401E-4
0.6197459080020302,-5.150752352647149E-4
0.6206490727857387,-5.32285707652453E-4
0.6215512574031262,-5.491691295834311E-4
0.6224491337409903,-5.654599946471339E-4
0.6233501842686986,-5.805639034255048E-4
0.6242540914672945,-5.942510469760307E-4
0.6251533633157693,-6.067723148720581E-4
0.6260521916225011,-6.176944821653366E-4
0.6269552996827755,-6.26738963025946E-4
0.627857634014285,-6.340700741757096E-4
0.6287554822012774,-6.399020735565111E-4
0.6296564195856292,-6.437806554002931E-4
0.6305603686320088,-6.458068197474549E-4
0.6314597563980958,-6.463665106282994E-4
0.6323584781749483,-6.453690662952986E-4
0.6332615248874469,-6.425696724988109E-4
0.6341640081137474,-6.383808343001299E-4
0.6350618341139184,-6.330583476808106E-4
0.6359626559618139,-6.263504524644433E-4
0.6368666413467773,-6.183364355150161E-4
0.6377661512181165,-6.095882677297085E-4
0.6386647677649995,-6.000211782610868E-4
0.6395677485645807,-5.89527934081721E-4
0.6404703793580354,-5.785082461099016E-4
0.6413681894676546,-5.673689292313759E-4
0.6422688935970136,-5.558485838054265E-4
0.6431729093311803,-5.441083029630024E-4
0.644072547603124,-5.327186558817326E-4
0.6449710605836788,-5.216643866811064E-4
0.6458739707214078,-5.108027737834986E-4
0.6467767474689345,-5.005298077277575E-4
0.6476745482465074,-4.912412212121363E-4
0.6485751326655155,-4.826217879736601E-4
0.6494791729625407,-4.7477151822194086E-4
0.6503789454204338,-4.6816733479545787E-4
0.6512773566140344,-4.627545972716839E-4
0.6521801917855056,-4.582288759888421E-4
0.6530831120082964,-4.549173944496304E-4
0.653980910409238,-4.530553343554492E-4
0.6548813730586638,-4.522653401205497E-4
0.6557854322060506,-4.524233619524888E-4
0.6566853444265334,-4.5396374818807556E-4
0.6575836561170043,-4.566250928919514E-4
0.6584864118574802,-4.600555548176346E-4
0.6593894728930657,-4.6434379933856917E-4
0.6602872758914423,-4.6973889284210204E-4
0.6611876147939307,-4.756355684756091E-4
0.6620916869033511,-4.819142610712683E-4
0.6629917444036133,-4.888029837887762E-4
0.6638899592953466,-4.961100442736145E-4
0.6647926315134441,-5.032775161419533E-4
0.6656958297485107,-5.104661808052733E-4
0.6665936446513282,-5.177839269715709E-4
0.667493857942142,-5.247340592065552E-4
0.6683979370817351,-5.310495628352232E-4
0.6692981452008142,-5.370982748116933E-4
0.6701962659764812,-5.426108594731953E-4
0.671098850231764,-5.471692992170556E-4
0.6720021817811511,-5.508605081548638E-4
0.6729000169049695,-5.539835825456666E-4
0.6738001041574257,-5.560099965129851E-4
0.6747041852194182,-5.568332283306201E-4
0.6756045473575765,-5.568236464499742E-4
0.6765025738321943,-5.559094705559432E-4
0.6774050628762202,-5.536826817933189E-4
0.6783085236800701,-5.503874156833055E-4
0.6792063942304939,-5.463931917788252E-4
0.6801063636643686,-5.413245103424436E-4
0.6810104454616722,-5.351276164228554E-4
0.6819109562257546,-5.283049447189226E-4
0.6828088695378838,-5.208901247971544E-4
0.6837112403389327,-5.12556298652288E-4
0.6846148293563622,-5.036284985185516E-4
0.6855127832036406,-4.945607929550935E-4
0.6864126833453783,-4.850833957148064E-4
0.687316780905897,-4.7515721685020037E-4
0.6882173963512654,-4.6539251308142264E-4
0.6891150978539176,-4.558291586065704E-4
0.6900172658305727,-4.4621534980587217E-4
0.690921002079268,-4.3680174333248547E-4
0.6918192226573906,-4.2816240246032125E-4
0.6927192495027247,-4.199635004765708E-4
0.6936234007671782,-4.122763975529191E-4
0.6945238497219546,-4.056147467091746E-4
0.6954208815634337,-4.0013053108628807E-4
0.696322632519601,-3.953776198848464E-4
0.6972269998941159,-3.916866580416072E-4
0.6981265827133979,-3.8956687323876715E-4
0.699026071254863,-3.8899839989758856E-4
0.6999277882966785,-3.89873277193447E-4
0.7008293053746665,-3.925216927123979E-4
0.7017296971850207,-3.97043571989441E-4
0.7026303123008475,-4.0349628835883804E-4
0.7035317832024497,-4.1180300170035137E-4
0.7044323725213882,-4.220882884668788E-4
0.7053333616311863,-4.3411210505724167E-4
0.7062341677331099,-4.47736026579561E-4
0.7071351495520062,-4.6257793020779213E-4
0.7080360872977053,-4.7831114278609483E-4
0.7089368166440191,-4.944377253021278E-4
0.7098379845775299,-5.104922242077811E-4
0.7107386143906989,-5.260124844637317E-4
0.7116397423336325,-5.40571474046711E-4
0.7125404732468493,-5.538468356847825E-4
0.7134414366955686,-5.656005030481132E-4
0.7143423873231912,-5.756977516713929E-4
0.7152431401053743,-5.841213558042207E-4
0.7161442822574258,-5.908783293685574E-4
0.7170449142694664,-5.960953467450299E-4
0.7179460616008394,-5.998474807834942E-4
0.718846770266938,-6.022857655296561E-4
0.7197477533788601,-6.035112123857477E-4
0.7206486824038705,-6.036161161051983E-4
0.721549453055146,-6.027205161765194E-4
0.7224505840676241,-6.008392159318275E-4
0.7233512183285838,-5.981144820626432E-4
0.7242523770408025,-5.945135026617352E-4
0.7251530671466455,-5.901903078027872E-4
0.7260540717298132,-5.851151799331979E-4
0.7269549769507662,-5.794345399434044E-4
0.7278557663949958,-5.731575755467623E-4
0.7287568848538235,-5.664142354882399E-4
0.7296575232907934,-5.592560265572083E-4
0.7305586915795879,-5.518053508214415E-4
0.7314593645294927,-5.441291459236876E-4
0.7323603903170672,-5.363676214520656E-4
0.733261271394862,-5.285654927043126E-4
0.7341620805323775,-5.208998210222214E-4
0.7350631843474407,-5.133729760301942E-4
0.7359638291765789,-5.061931627543482E-4
0.7368650051307336,-4.993255352069778E-4
0.737765662416491,-4.92978053332504E-4
0.7386667090527637,-4.8710618633632046E-4
0.7395675656830747,-4.818762615796459E-4
0.7404683954749403,-4.7726142053210316E-4
0.7413694829212575,-4.7336253417402637E-4
0.7422701359023007,-4.701748833473077E-4
0.7431713175533076,-4.677371940914161E-4
0.7440719609368767,-4.6604658872907923E-4
0.7449730278650607,-4.651075291043072E-4
0.7458738599017513,-4.6488549810819803E-4
0.7467747111182385,-4.653823835247885E-4
0.7476757804414507,-4.665146497665378E-4
0.7485764435520019,-4.682913286399633E-4
0.7494776286438852,-4.705887464077658E-4
0.7503782601361516,-4.734078451825131E-4
0.75127934665249,-4.766181858532151E-4
0.7521801541925456,-4.8018112346662775E-4
0.7530810274668451,-4.8399859302608475E-4
0.7539820771127739,-4.879743560149576E-4
0.7548827520963276,-4.920591594477888E-4
0.755783938232369,-4.961067119209707E-4
0.756684560016747,-5.001061238114801E-4
0.7575856653087416,-5.038934167808296E-4
0.7584864486397982,-5.074649954134767E-4
0.7593873444830691,-5.10679910956332E-4
0.7602883731223355,-5.135201348683845E-4
0.7611890615965516,-5.158866877220135E-4
0.7620902461604628,-5.177491321548248E-4
0.7629908605965611,-5.190420498301343E-4
0.7638919837254531,-5.197489088022688E-4
0.7647927432270499,-5.198062930024023E-4
0.7656936620868423,-5.192480137367454E-4
0.7665946683704574,-5.179880794130968E-4
0.7674953719867226,-5.161261517685773E-4
0.7683965523787077,-5.135523880940051E-4
0.7692971620437694,-5.104195471591985E-4
0.7701983017798356,-5.06618184753E-4
0.771099038032975,-5.02316229611529E-4
0.7719999802378094,-4.974417475092332E-4
0.7729009630830531,-4.921433735222012E-4
0.7738016833131841,-4.864061545102481E-4
0.774702856949339,-4.8034795569951145E-4
0.7756034642410058,-4.74001948067844E-4
0.7765046193452846,-4.6747027567966697E-4
0.7774053332700702,-4.607988166617916E-4
0.7783062988620965,-4.5410502179836916E-4
0.7792072573443717,-4.4741342255143955E-4
0.7801079955484855,-4.408732145567239E-4
0.7810091599204168,-4.3447637585369614E-4
0.7819097673336889,-4.283936769895224E-4
0.7828109362863654,-4.226010555839195E-4
0.7837116288575692,-4.1725531369071094E-4
0.7846126179143759,-4.123541785404773E-4
0.7855135511462323,-4.0800846655500737E-4
0.7864143086977693,-4.042715877016661E-4
0.7873154613814909,-4.0120946177388104E-4
0.7882160713474603,-3.9895020835392257E-4
0.789117252470248,-3.975581340477806E-4
0.7900179249606926,-3.972403941606063E-4
0.7909189372969168,-3.9813340416677595E-4
0.79181984468556,-4.005199293914211E-4
0.7927206227114402,-4.0465005398062823E-4
0.793621761549987,-4.108397503655248E-4
0.794522376232391,-4.193602547571982E-4
0.7954235677180044,-4.303903774176579E-4
0.7963242215439473,-4.4391627705248565E-4
0.7972252569360495,-4.59666368672963E-4
0.7981261380501453,-4.7697030143214314E-4
0.799026937572906,-4.94945850465153E-4
0.7999280605127511,-5.123577688257854E-4
0.8008286820734621,-5.282126389283991E-4
0.8017298819067314,-5.415432507604851E-4
0.8026305187855556,-5.520942162523338E-4
0.8035315767399943,-5.597749004625703E-4
0.8044324312946075,-5.650688871928865E-4
0.8053332532387395,-5.68373456584635E-4
0.8062343583902016,-5.70270290038667E-4
0.8071349888863327,-5.711076403043693E-4
0.8080361948300254,-5.712296015897232E-4
0.8089368166109814,-5.707828612051777E-4
0.8098378966113131,-5.699194732454258E-4
0.8107387244274695,-5.686361744567573E-4
0.8116395697214711,-5.67031997238274E-4
0.812540655163385,-5.650247827505889E-4
0.8134412966861416,-5.627346856087664E-4
0.8143425063416997,-5.600498488987733E-4
0.8152431152197603,-5.571129444729985E-4
0.8161442164453612,-5.538268771129585E-4
0.8170450177296459,-5.503191036601506E-4
0.8179458869384348,-5.465470236206984E-4
0.8188469509437759,-5.425932234522775E-4
0.8197476054987128,-5.384811274967362E-4
0.8206488162399656,-5.342467207656568E-4
0.8215494145504979,-5.299600501019653E-4
0.8224505361290892,-5.256360587321061E-4
0.823351311097857,-5.213496493410465E-4
0.8242522048594485,-5.171301554168448E-4
0.82515324601348,-5.130258239831236E-4
0.826053915254904,-5.090926691268723E-4
0.8269551243443765,-5.053484410815738E-4
0.8278557147571276,-5.018589972340526E-4
0.8287568555372538,-4.986361454341558E-4
0.8296576046701761,-4.957142577507645E-4
0.8305585234007289,-4.931369926643283E-4
0.8314595403244243,-4.908752987278526E-4
0.8323602260454982,-4.890213118827838E-4
0.8332614305719616,-4.8747844749553527E-4
0.8341620157760689,-4.8637418268603386E-4
0.8350631745503456,-4.855711275685723E-4
0.8359638986228183,-4.851921848644645E-4
0.83686484254382,-4.8510269838204426E-4
0.8377658340878511,-4.85386363202959E-4
0.8386665378137721,-4.8593678889859875E-4
0.839567734941245,-4.8679051303983617E-4
0.8404683176752226,-4.8786537823804476E-4
0.8413694930337028,-4.891733052488293E-4
0.842270192891455,-4.906240175379967E-4
0.8431711621891294,-4.922460212882388E-4
0.8440721273178772,-4.939101596925785E-4
0.8449728505673257,-4.95686869629593E-4
0.8458740376752067,-4.97402881967053E-4
0.8467746205289762,-4.991653986710621E-4
0.8476758108392815,-5.007824535497901E-4
0.8485764875818631,-5.023625044756855E-4
0.8494774822655321,-5.03740918373355E-4
0.8503784200372818,-5.049892360404003E-4
0.851279164260929,-5.060030340824644E-4
0.8521803388186514,-5.068028745767968E-4
0.8530809243661938,-5.073462047378944E-4
0.8539821278066273,-5.076197721588279E-4
0.854882782831886,-5.07612274232029E-4
0.8557838027026639,-5.073166690567859E-4
0.8566847125879226,-5.067150389659563E-4
0.8575854789189714,-5.058374469868648E-4
0.8584866384356952,-5.046437606619959E-4
0.8593872291487153,-5.032014338946765E-4
0.8602884437778964,-5.014628261663782E-4
0.861189078707141,-4.995007525792104E-4
0.8620901234041728,-4.972995664832549E-4
0.862991004853348,-4.948949237866867E-4
0.86389179447763,-4.923362427282704E-4
0.864792936750571,-4.896009998436226E-4
0.8656935350226276,-4.868062831140859E-4
0.8665947585997615,-4.8388169042507396E-4
0.8674953751715592,-4.809811756594908E-4
0.8683964442723372,-4.7802432279670404E-4
0.8692972969595647,-4.751558532027244E-4
0.8701981109229966,-4.7232239769336506E-4
0.8710992338861617,-4.6963248865353657E-4
0.871999841900441,-4.6706729254865576E-4
0.8729010720753528,-4.6470357567037244E-4
0.8738016724169698,-4.6253175047417377E-4
0.874702765205087,-4.6062964737272606E-4
0.875603589154874,-4.5895421047095433E-4
0.876504428192786,-4.5762169089442334E-4
0.8774055299699365,-4.565349043604054E-4
0.878306149808403,-4.5586604314092364E-4
0.8792073840041329,-4.554912496575852E-4
0.8801079703754363,-4.5564825458323444E-4
0.881009086087597,-4.562776961676117E-4
0.8819098813677987,-4.57707762177703E-4
0.8828107462673426,-4.6007469093237987E-4
0.8837118249584169,-4.63857875928975E-4
0.884612458835953,-4.695108771815006E-4
0.8855136942157916,-4.7781424528499855E-4
0.8864142692047617,-4.89784108223955E-4
0.887315406796966,-5.069305147236934E-4
0.8882161736921313,-5.310731438233921E-4
0.8891170650857947,-5.636174917919075E-4
0.8900181191007941,-6.025693381655494E-4
0.8909187689042101,-6.366825639590223E-4
0.891820002501614,-6.382186819794873E-4
0.8927205688762762,-6.343345515489677E-4
0.8936217272104373,-6.343318119039448E-4
0.8945224662796121,-6.343428569401366E-4
0.8954233845935553,-6.343418589831037E-4
0.8963244124340671,-6.343357273568625E-4
0.8972250800426225,-6.343456732906268E-4
0.8981263086745479,-6.343282391424973E-4
0.8990268695553278,-6.343446010437499E-4
0.8999280472051157,-6.343262341642188E-4
0.9008287592759346,-6.343388010061613E-4
0.9017297047008394,-6.343263160906382E-4
0.9026307051849919,-6.343298366089462E-4
0.9035313922367249,-6.343241256647422E-4
0.9044326129505429,-6.343212153333206E-4
0.905333171131315,-6.343176895968522E-4
0.9062343665943785,-6.343178302994929E-4
0.9071350525784028,-6.343068295644349E-4
0.9080360253557899,-6.343170190279265E-4
0.9089369974372795,-6.342931404783898E-4
0.9098377054534137,-6.343145359547197E-4
0.9107389154398741,-6.342801616947482E-4
0.9116394737513193,-6.343081406438556E-4
0.9125406852666392,-6.342733752654285E-4
0.9134413464297646,-6.342976620011715E-4
0.9143423464686257,-6.342710223087005E-4
0.9152432891797719,-6.342845949389643E-4
0.9161440197498718,-6.342687863324025E-4
0.9170452161900499,-6.342724715397966E-4
0.917945777356714,-6.342642460386555E-4
0.9188470030499447,-6.342665135853801E-4
0.919747640896587,-6.34256959684613E-4
0.920648667955105,-6.342661859377902E-4
0.9215495806166761,-6.3424824367881E-4
0.9224503350176672,-6.342666052703814E-4
0.923351515367759,-6.342410630075185E-4
0.9242520820777208,-6.342649840406388E-4
0.9251533197652014,-6.342405161901674E-4
0.9260539359179757,-6.342605596596535E-4
0.926954989717148,-6.342466461794712E-4
0.9278558717796576,-6.34254214901151E-4
0.9287566512697192,-6.342541117639298E-4
0.9296578131592578,-6.34248616746775E-4
0.9305583879146814,-6.342597197367922E-4
0.9314596352178365,-6.3424858606179E-4
0.9323602317007048,-6.342621137625903E-4
0.9332613116514459,-6.342549529095449E-4
0.9341621628575325,-6.342617660712327E-4
0.9350629684545223,-6.342622201239258E-4
0.9359641095511951,-6.342609885554058E-4
0.93686469483356,-6.34266938836683E-4
0.9377659492446175,-6.342643046899145E-4
0.9386665282701174,-6.34267533936541E-4
0.9395676336414293,-6.342733210702154E-4
0.9404684539936479,-6.342643398589627E-4
0.9413692865476208,-6.342826039795121E-4
0.9422704048241461,-6.342596945524793E-4
0.9431710028947037,-6.34288512772842E-4
0.9440722616322985,-6.342581065211462E-4
0.9449728256589709,-6.342893166437923E-4
0.9458739555776073,-6.342622054032275E-4
0.9467747451035714,-6.34285289572261E-4
0.9476756054702254,-6.342670615434903E-4
0.9485766990845909,-6.342787430659884E-4
0.9494773121229677,-6.342688577953626E-4
0.9503785721801057,-6.342739925761812E-4
0.9512791238969082,-6.342661176655432E-4
0.9521802773225821,-6.342749351586549E-4
0.9530810364526023,-6.342590101305684E-4
0.9539819251872605,-6.34276897872881E-4
0.9548829923460062,-6.342499726746743E-4
0.9557836224499151,-6.34276067253992E-4
0.9566848806541135,-6.342433675562644E-4
0.9575854231456153,-6.342709132847953E-4
0.9584865987585095,-6.342436297914158E-4
0.9593873281153991,-6.342617251770416E-4
0.960288245624809,-6.342467578058211E-4
0.961189284771652,-6.342507067238174E-4
0.962089933942683,-6.34248720198231E-4
0.9629911869713299,-6.342420964436468E-4
0.9638917233189115,-6.342476261813969E-4
0.964792919683018,-6.342409775143129E-4
0.9656936201138394,-6.342434440810397E-4
0.9665945667102984,-6.342438369852994E-4
0.9674955762636025,-6.342381389947721E-4
0.968396246708292,-6.342463106409912E-4
0.9692974914357854,-6.342353451997181E-4
0.9701980240740123,-6.342462585767876E-4
0.9710992395889663,-6.342406833874538E-4
0.9719999139561163,-6.34243651299754E-4
0.9729008883520075,-6.342517856583888E-4
0.9738018643308869,-6.342436860807996E-4
0.9747025624522725,-6.342706903007438E-4
0.9756037993198875,-6.342568319586753E-4
0.9765043187188314,-6.343021815287046E-4
0.9774055526999023,-6.342955959122679E-4
0.9783062273833151,-6.343351408935895E-4
0.9792072061611655,-6.343065784118533E-4
0.9801081158907723,-6.342882974768241E-4
0.9810089523354635,-6.344432041335737E-4
0.9819099660996378,-4.963429189677573E-4
NaN,NaN
NaN,NaN
NaN,NaN
NaN,NaN
NaN,NaN
NaN,NaN
NaN,NaN
NaN,NaN
NaN,NaN
NaN,NaN
NaN,NaN
NaN,NaN
NaN,NaN
NaN,NaN
NaN,NaN
NaN,NaN
NaN,NaN
NaN,NaN
NaN,NaN
NaN,NaN
NaN,NaN
NaN,NaN
NaN,NaN
NaN,NaN
NaN,NaN
NaN,NaN
NaN,NaN
NaN,NaN
NaN,NaN
NaN,NaN
NaN,NaN
NaN,NaN
NaN,NaN
NaN,NaN
NaN,NaN
NaN,NaN
NaN,NaN
NaN,NaN
NaN,NaN
NaN,NaN
NaN,NaN
NaN,NaN
NaN,NaN
NaN,NaN
NaN,NaN
NaN,NaN
NaN,NaN
NaN,NaN
NaN,NaN
NaN,NaN
NaN,NaN
NaN,NaN
NaN,NaN
NaN,NaN
NaN,NaN
NaN,NaN
NaN,NaN
NaN,NaN
NaN,NaN
NaN,NaN
NaN,NaN
NaN,NaN
NaN,NaN
NaN,NaN
NaN,NaN
NaN,NaN
NaN,NaN
NaN,NaN
NaN,NaN
NaN,NaN
NaN,NaN
NaN,NaN
NaN,NaN
NaN,NaN
NaN,NaN
NaN,NaN
NaN,NaN
NaN,NaN
NaN,NaN
NaN,NaN
NaN,NaN
NaN,NaN
NaN,NaN
NaN,NaN
NaN,NaN
NaN,NaN
NaN,NaN
NaN,NaN
NaN,NaN
NaN,NaN
NaN,NaN
NaN,NaN
NaN,NaN
NaN,NaN
NaN,NaN
NaN,NaN
NaN,NaN
NaN,NaN
NaN,NaN
NaN,NaN
